32
51
52
53
118
495
496
504
575
576
577
598
640
655
12
17
19
20
18
660
6
29
31
662
22
677
679
675
674
13
688
671
669
690
687
670
664
667
681
665
684
672
673
666
686
693
34
695
696
697
698
699
700
35
701
682
692
703
668
705
707
704
656
720
678
721
723
724
737
733
735
736
728
731
730
734
725
726
24
676
757
694
56
759
732
729
727
767
770
706
773
774
775
2
776
779
38
41
781
42
783
788
802
800
792
785
789
799
797
793
795
796
782
790
791
794
803
787
786
804
685
805
784
691
798
744
761
807
806
810
702
812
813
808
814
815
809
801
780
811
819
817
654
820
738
821
823
824
45
33
826
14
827
828
825
49
50
57
62
64
66
65
63
61
48
55
67
54
835
832
861
856
866
870
872
868
882
837
833
902
881
911
896
846
889
865
864
836
914
869
862
839
877
848
841
526
850
484
840
887
838
844
909
875
830
849
905
885
897
890
906
834
907
908
895
876
899
831
898
888
879
851
845
829
871
903
874
859
878
921
854
922
886
880
873
918
843
926
852
927
904
924
920
915
855
860
853
891
847
857
893
925
892
900
867
883
842
913
928
884
858
912
916
530
863
919
894
917
910
923
931
962
964
929
969
984
988
952
960
1003
943
1023
534
1028
1020
1029
990
944
501
957
992
977
978
982
1042
987
1043
517
958
973
1037
1027
935
951
970
1046
1047
934
946
950
956
513
983
1038
975
972
976
1005
1004
994
1039
1052
938
1018
489
989
996
1017
936
963
1001
940
1008
498
986
971
939
533
1024
965
1000
524
1012
1009
1049
961
1010
967
1030
1050
1022
993
953
483
979
1034
985
974
1026
955
1015
999
1021
954
1040
995
1056
1007
1033
1025
1058
968
933
1013
1035
998
516
947
1054
1055
941
1051
949
959
1011
991
981
966
1002
942
932
1016
1064
1031
1036
948
997
328
1065
1048
937
1044
1063
1059
1041
1053
1067
1057
1062
1045
1019
1060
1066
1014
930
945
1006
1061
980
1032
1068
1124
1105
1081
1084
1142
1120
1133
1090
1089
1088
518
1117
1085
1166
1158
1169
1145
1106
1092
1148
1111
1078
1189
1140
1129
1122
1095
1114
1100
1112
1165
1179
1177
1077
1093
1150
1192
1144
1087
1173
1191
1195
485
1170
1101
1183
1151
1094
1070
1137
1175
1121
1178
1167
1107
1155
1096
1141
1184
1188
1146
1074
1075
1099
1172
1086
1127
1125
1185
1116
1091
531
1119
1159
1071
1098
1073
1132
1108
1181
1153
1126
1174
1152
1154
1180
1072
1082
1109
1161
1168
1162
1115
1102
1130
1149
1138
1147
1160
515
1157
1201
1128
1103
1136
1080
1104
1194
1182
1110
1076
1156
1069
1135
1123
1143
1190
1164
1196
1202
1079
1131
1199
1198
1197
1200
1171
1118
1208
1187
1206
1176
1193
1204
1203
1207
1139
1083
1113
1134
527
1097
1186
1163
1209
1205
762
30
816
1213
59
1214
1216
1211
1212
1215
23
1217
71
77
78
73
76
74
75
94
86
89
80
91
81
84
83
82
97
90
93
771
95
70
100
37
689
88
47
85
58
92
39
680
96
822
87
44
105
106
108
1210
109
79
1218
638
114
115
124
120
123
126
121
122
125
128
129
131
130
133
132
135
134
137
112
138
139
140
60
143
116
25
145
148
5
619
167
174
179
184
185
173
178
161
164
172
207
195
197
192
165
203
200
191
190
162
201
194
202
180
209
211
183
212
205
177
188
182
170
150
169
204
189
210
213
206
171
196
158
193
215
168
198
157
163
176
166
199
187
155
156
175
160
154
186
1223
151
103
28
181
27
216
208
618
648
217
219
149
818
146
229
237
238
243
227
235
233
263
223
244
230
266
270
259
272
265
245
268
257
252
271
224
620
258
274
273
226
246
250
267
253
262
292
261
256
275
260
232
228
319
348
247
225
305
285
288
347
326
280
300
337
284
239
299
331
278
339
368
341
343
366
251
316
324
323
310
314
333
249
297
279
309
315
290
311
362
363
338
281
289
321
302
375
335
294
286
332
346
283
313
342
307
304
369
336
322
303
334
327
330
254
371
329
374
367
389
301
340
370
392
231
408
409
345
344
236
296
413
372
291
317
386
411
354
404
394
416
401
248
398
295
412
415
417
418
293
419
421
423
308
420
377
422
240
360
255
365
234
424
241
306
352
1225
264
397
383
399
277
428
357
425
287
427
426
349
385
282
384
117
395
382
351
396
350
429
269
414
388
430
400
381
325
358
361
378
410
431
406
403
407
318
242
298
320
98
621
434
221
436
622
683
437
623
435
1226
438
276
364
439
355
373
440
441
353
376
402
442
356
391
387
390
405
393
1229
443
433
1228
1227
742
446
624
625
626
447
432
650
448
453
101
458
459
469
450
454
461
462
465
466
468
463
464
627
628
445
467
537
451
455
444
538
539
452
478
26
491
525
473
487
532
505
479
500
214
545
506
544
480
512
510
546
474
535
490
522
494
503
502
476
541
499
482
507
472
477
475
492
471
509
508
514
536
547
629
11
548
566
218
558
560
72
565
551
460
562
564
567
568
569
557
556
555
553
552
559
136
554
563
549
119
561
127
570
571
573
574
550
312
497
572
488
521
493
529
380
523
528
520
486
519
511
481
379
578
651
579
580
581
457
583
584
641
633
110
99
587
69
590
589
588
652
592
586
642
593
630
222
594
596
603
644
645
646
632
643
449
591
606
653
614
607
647
602
634
542
456
635
1230
470
147
611
637
43
613
610
612
615
636
600
153
901
107
159
113
639